Empirical limb-darkening coefficients for WASP-39 from JWST transit
# %ECSV 1.0
# ---
# datatype:
# - {name: wavelength, unit: nm, datatype: float64}
# - {name: c1, datatype: float64}
# - {name: c2, datatype: float64}
# - {name: c1+c2, datatype: float64}
# - {name: c1-c2, datatype: float64}
# - {name: c1+c2_uncertainty, datatype: float64}
# - {name: c1-c2_uncertainty, datatype: float64}
# schema: astropy-2.0
wavelength c1 c2 c1+c2 c1-c2 c1+c2_uncertainty c1-c2_uncertainty
[from data line 119]
3387.389938 0.12351108315469081 0.04155817997290964 0.16506926312760045 0.08195290318178117 0.10536141460381071 0.14054493722013148
3410.8606149999996 0.09036445748664007 0.2022402170780782 0.2926046745647183 -0.11187575959143814 0.11223136412879588 0.1502266939469802
3434.17139 0.10357218690370357 0.1332709265956568 0.23684311349936038 -0.029698739691953246 0.11080382174503389 0.14812016070556
3457.3241949999997 0.14309962117767522 -0.18428403110406694 -0.04118440992639172 0.32738365228174215 0.1060036878620142 0.14145910955099752
3480.3238040000006 0.07288656020970041 0.43272316225826457 0.505609722467965 -0.35983660204856416 0.11920651313146068 0.15940578492449947
3503.1710189999994 0.07987584722701607 0.3552542791909173 0.43513012641793336 -0.2753784319639012 0.11921560132525194 0.159462071173921
3525.8698149999996 0.07236602100767292 0.2971841932288624 0.36955021423653533 -0.2248181722211895 0.12010498112508555 0.1610154657375792
3548.422187 0.10215378246902518 0.11007788007179198 0.21223166254081716 -0.0079240976027668 0.1178932242466759 0.15772662930320808
3570.830831 0.12761479863037697 -0.16298882408335977 -0.035374025452982794 0.29060362271373674 0.11487884888935541 0.15368890796640963
3593.0979669999992 0.090677420227609 0.2514147627316489 0.3420921829592579 -0.16073734250403993 0.12296648997780252 0.16440758123087348
3615.226691999999 0.10131879433703778 0.09969074760013236 0.20100954193717013 0.0016280467369054197 0.12295865207308908 0.16457963740381232
3637.2178320000003 0.09046310727794643 0.08722297002972151 0.17768607730766794 0.003240137248224917 0.123750804618011 0.16596677813975494
3659.0756329999995 0.12206832498305835 -0.1503115289208949 -0.028243203937836553 0.27237985390395325 0.12031340130773939 0.16110342524457824
3680.8004849999993 0.056716660809539354 0.12071676513205626 0.1774334259415956 -0.0640001043225169 0.1335541986694551 0.18011867674597373
3702.395294 0.08908437925144308 0.253767817781301 0.34285219703274405 -0.1646834385298579 0.13525426092615572 0.18098189970260356
3723.8627899999997 0.054120456743008194 0.2881986552290678 0.342319111972076 -0.2340781984860596 0.13770735448442697 0.18529667228382085
3745.204091 0.07926090936519925 0.2183931480958221 0.29765405746102136 -0.13913223873062286 0.13618637986756493 0.18263327769994595
3766.420873 0.10439241455805742 0.0683808062024664 0.17277322076052382 0.03601160835559103 0.13585706759023425 0.18183254680494068
3787.5160399999995 0.14187091460542228 -0.0593711753131429 0.08249973929227938 0.20124208991856518 0.13257843921051965 0.1766648514986802
3808.4913619999993 0.10660000534558689 0.07147466398038915 0.17807466932597604 0.03512534136519774 0.1368584072270951 0.18306332142045012
3829.348581 0.05700372921392838 0.2687697861888777 0.3257735154028061 -0.21176605697494932 0.14856744827258037 0.19986999753512424
3850.088808 0.10349958833081652 0.2722178132749671 0.3757174016057836 -0.16871822494415056 0.14611299355076987 0.19491934029388108
3870.7140729999987 0.08668458706041476 0.0858238829981593 0.17250847005857406 0.0008607040622554685 0.14733479347374465 0.19780455800801416
3891.226433 0.10736285751975899 0.021454375263921188 0.12881723278368018 0.0859084822558378 0.14552774753382805 0.19486406634614983
3911.627505 0.03341009102671949 0.39531702081691106 0.42872711184363055 -0.36190692979019157 0.16043569136527377 0.2163095402820443
3931.9188789999994 0.13852917758471187 -0.15723357779143496 -0.018704400206723093 0.2957627553761468 0.14517669627727922 0.19383177817503414
3952.102117 0.0260292412605454 0.567390300679967 0.5934195419405124 -0.5413610594194216 0.17100050447002574 0.23011834588405214
3972.1787550000004 0.04761045559695126 0.26148689718922974 0.309097352786181 -0.21387644159227848 0.15984223135250494 0.215437092261104
3992.1503019999996 0.1209129511181569 -0.21230229193997985 -0.09138934082182296 0.33321524305813677 0.1469229220555024 0.1969488834814814
4012.0182419999996 0.038083872614498804 0.23554689208166507 0.2736307646961639 -0.19746301946716627 0.16404083073124215 0.22149309440443504
4031.784031 0.06338309278328824 -0.003424942854391211 0.05995814992889703 0.06680803563767945 0.15824521911458983 0.21360114456070645
4051.449103 0.0853414194464851 0.0878024429609815 0.1731438624074666 -0.0024610235144963966 0.1583776726585273 0.21257549065123774
4071.0148669999994 0.10067427100459325 0.03992111413685462 0.14059538514144787 0.060753156867738634 0.16031529084554524 0.214804870218501
4090.482706 0.09763054979991678 0.026361027885668048 0.12399157768558483 0.07126952191424873 0.16328236813726976 0.21894422436015712
4109.85398 0.1010168133694104 0.05452972294949446 0.15554653631890486 0.046487090419915944 0.17150316361339307 0.22981786913276422
4129.129397 0.13110806170786943 0.14449335518289524 0.27560141689076467 -0.013385293475025817 0.16716467684955422 0.22235595672068903
4148.3104920000005 0.09396812094772139 0.09025882360943299 0.18422694455715438 0.0037092973382883976 0.16898084706151206 0.22650635817169834
4167.398857 0.09198115400689932 0.05034433609506683 0.14232549010196616 0.04163681791183249 0.16870792882140678 0.22630331043925386
4186.395768 0.06401952962675334 0.15220302918146084 0.21622255880821417 -0.0881834995547075 0.17448265478916242 0.23487085718980724
4205.302476999999 0.05128574435076688 0.33582384499955636 0.38710958935032325 -0.2845381006487895 0.18215902923757407 0.24488866702879292
4224.119591000001 0.05946777788608909 0.3037600320838348 0.3632278099699239 -0.2442922541977457 0.1786973285826576 0.23991589259101428
4242.847974 0.0443589087795217 0.22729720359928612 0.2716561123788078 -0.18293829481976442 0.1794868599831048 0.24195549778353723
4261.489689999999 0.09109878262275149 -0.14031733054025974 -0.049218547917508265 0.23141611316301125 0.16832718660799395 0.2263248686830666
4280.045913999999 0.1370452646352486 -0.0030623753421442357 0.13398288929310437 0.14010763997739284 0.1682052521867919 0.2236729022223491
4298.516441000001 0.05074108354977308 0.23142986294473716 0.28217094649451024 -0.18068877939496408 0.18096282983392387 0.2434802779482366
4316.903126 0.0499677994189765 0.2020088085761334 0.2519766079951099 -0.1520410091571569 0.18336247619600077 0.24685368211776915
4335.207637 0.1181584158162175 -0.08710744555044475 0.031050970265772748 0.20526586136666225 0.17385212193613656 0.232316302582609
4353.429627 0.09452295081819526 -0.08661337060185662 0.00790958021633864 0.18113632142005187 0.17853272966352188 0.23955758877993213
4371.570791 0.11683629157426853 -0.35200263929814024 -0.23516634772387174 0.4688389308724088 0.1763283212036748 0.2367366384310253
4389.632946999999 0.10109699125390106 -0.02311199367053371 0.07798499758336735 0.12420898492443477 0.18511837017781496 0.2478417470186936
4407.614718999999 0.06299246437166439 0.14806842593858827 0.21106089031025266 -0.08507596156692387 0.19589979416884384 0.2633226077675646
4425.519446 0.12510873667273797 -0.23109677283975277 -0.10598803616701477 0.35620550951249075 0.18302669734522137 0.24481062424945543
4443.34667 0.031055129528661962 0.3267795038497937 0.35783463337845567 -0.29572437432113174 0.20738942046835038 0.2795826740108238
4461.097707 0.12368982528254233 0.06707593617550253 0.19076576145804486 0.056613889107039794 0.19700972492467866 0.262519503999573
4478.7736859999995 0.09147219772390491 0.17969969888489457 0.2711718966087995 -0.08822750116098965 0.20365836368875548 0.2723213090932247
4496.3746679999995 0.15544507897518017 -0.28850940075144155 -0.13306432177626135 0.4439544797266217 0.18813685960597906 0.2505973254528816
4513.902615999999 0.06366135167004394 0.186343828407876 0.25000518007791994 -0.12268247673783206 0.21277985986311868 0.28608236719334107
4531.357072 0.08400889361413427 0.1653982609109252 0.24940715452505946 -0.08138936729679092 0.21512442832114023 0.2883455098367806
4548.7401150000005 0.07623307901501586 0.06943022419599543 0.14566330321101129 0.006802854819020432 0.2161107384937557 0.29042659709268476
4566.051477000001 0.07744206130578957 -0.011447294283079668 0.0659947670227099 0.08888935558886923 0.21719852476655901 0.29234038584226907
4587.591850238673 0.09965989216133364 0.09553051746460728 0.19519040962594092 0.004129374696726362 0.18105715971896444 0.24225612900524518
4613.29754333949 0.11450380716965303 -0.17947568078268372 -0.0649718736130307 0.29397948795233675 0.1804298181286918 0.24193941566554383
4638.849428857817 0.06868915842717863 0.17198345369804527 0.2406726121252239 -0.10329429527086664 0.18945485602739362 0.25464941255895773
4664.249665679044 0.09006124447722935 0.13920528884501598 0.22926653332224534 -0.04914404436778663 0.18910250475615178 0.2533338918202625
4689.500997456941 0.09714191415607337 -0.03824491256190604 0.05889700159416733 0.1353868267179794 0.18668684241494807 0.2505130410332004
4714.605722185022 0.08808265072054883 -0.04973158757739354 0.038351063143155284 0.13781423829794237 0.19046030814704903 0.2560100273859869
4739.566097421868 0.07121631463034361 -0.05662584360032874 0.014590471030014873 0.12784215823067235 0.19696344620527886 0.26565438071196157
4764.384338127802 0.005677551682924775 0.4769805125778703 0.48265806426079505 -0.4713029608949455 0.21157681271378928 0.2860063989730368
4789.062616807425 0.13321613776774877 -0.3320817832662031 -0.19886564549845434 0.46529792103395184 0.1836886499523152 0.24606809216504552
4813.603019511122 0.07564159814465068 0.04130175829059182 0.11694335643524251 0.03433983985405886 0.20517473931082525 0.27601637863058126
4838.007312364285 0.06157349971051029 0.01812926179201846 0.07970276150252875 0.043444237918491835 0.21590705936814678 0.2913984806387898
4862.277856046081 0.08823628713821444 0.1199964503741088 0.20823273751232324 -0.03176016323589437 0.2123013947777135 0.284576825420936
4886.416771489442 0.15263205945191655 0.01483608079888804 0.1674681402508046 0.1377959786530285 0.20305465795244904 0.2694907233024492
4910.425943127935 0.13865100721911014 0.0017477220068476684 0.1403987292259578 0.13690328521226247 0.2142353454675166 0.28516875333940067
4934.306606732954 0.07850736854819401 0.11213704116172857 0.19064440970992258 -0.033629672613534556 0.22303771210814757 0.2995738870105906
4958.06091863346 0.11629022959579775 -0.176229730500502 -0.05993950090470426 0.29251996009629977 0.21287767337139393 0.28533356322667314
4981.690663202083 0.03896009598033376 0.19952887070887712 0.23848896668921088 -0.16056877472854336 0.2304356155425774 0.311280130710435
5005.1980004832785 0.055011235495947886 -0.08473453919805485 -0.029723303702106962 0.13974577469400273 0.23026099501834602 0.3118017104382829
5032.4696650000005 0.047124347129653354 0.2837769407135126 0.33090128784316597 -0.23665259358385926 0.21215414897042867 0.2858334442368446
5063.439319 0.020479295304695 0.31168043756100533 0.33215973286570033 -0.29120114225631033 0.2164547645817265 0.29275909483772006
5094.200968 0.031178368935432466 0.2301107785548585 0.261289147490291 -0.19893240961942604 0.22851776126682588 0.30903369155574356
5124.757946000001 0.0076089793545667805 0.5187575893897576 0.5263665687443243 -0.5111486100351907 0.23391349823568533 0.3159867432879373
5155.113864 0.10097543159437831 -0.13514875994568837 -0.03417332835131007 0.2361241915400667 0.2139862936138781 0.28748165636609685
5185.272508999999 0.14295473454566776 -0.17619513039226942 -0.033240395846601656 0.3191498649379372 0.21588489041956324 0.28803999884246645
5215.2372319999995 0.06946766255003062 0.2633687910053684 0.33283645355539904 -0.1939011284553378 0.22936959484679503 0.30783136487411317
5245.0113120000005 0.05746696348574731 -0.02939348253531071 0.028073480950436602 0.08686044602105802 0.22977171487085682 0.3105950649401879
5274.59796 -0.02376591011676593 0.766853129362207 0.7430872192454411 -0.7906190394789729 0.25970771920739016 0.35112530019397276
5307.662049778111 0.09424149765163026 0.21579772235723682 0.3100392200088671 -0.12155622470560656 0.21862042525062686 0.2923438010002767
5344.131579610811 0.14111302899750094 0.10413305251431765 0.2452460815118186 0.0369799764831833 0.2411681473170071 0.32037873622817176
5546.874619000001 0.1379562574561893 0.006299181575671081 0.1442554390318604 0.13165707588051823 0.19888510717733227 0.2648548993437307
