Empirical limb-darkening coefficients for WASP-39 from JWST transit
# %ECSV 1.0
# ---
# datatype:
# - {name: wavelength, unit: nm, datatype: float64}
# - {name: c1, datatype: float64}
# - {name: c2, datatype: float64}
# - {name: c1+c2, datatype: float64}
# - {name: c1-c2, datatype: float64}
# - {name: c1+c2_uncertainty, datatype: float64}
# - {name: c1-c2_uncertainty, datatype: float64}
# schema: astropy-2.0
wavelength c1 c2 c1+c2 c1-c2 c1+c2_uncertainty c1-c2_uncertainty
494.9254622608806 0.4703764147522233 0.17181080863894932 0.6421872233911726 0.298565606113274 0.2564454383176557 0.3204202144554699
531.4608898177901 0.38737519374664114 0.03502926210533691 0.42240445585197806 0.35234593164130423 0.2012939132605138 0.2557150340769629
539.1211900000001 0.3658844803841021 0.31161260657130735 0.6774970869554094 0.054271873812794746 0.19711691891455532 0.2503965216407198
545.4836709999998 0.4332247058110085 0.16139957992084114 0.5946242857318497 0.2718251258901674 0.15508148759093798 0.19503799205008843
550.4151967415283 0.331725305497361 0.6682617374310384 0.9999870429283995 -0.33653643193367744 0.2132587923459613 0.27115925627199045
553.7640991873129 0.42721684820649525 -0.028545048615727764 0.3986717995907675 0.455761896822223 0.17086074423048492 0.21562982695777208
557.1745301342205 0.42180963427103857 0.1334861118491536 0.5552957461201922 0.28832352242188497 0.16338293553867383 0.20603022207045985
560.6591140258054 0.4132447594603456 0.007972424437314884 0.4212171838976605 0.4052723350230307 0.15116848900895108 0.19120301160411055
564.1996710125583 0.3500198382892383 0.41465082479823123 0.7646706630874696 -0.0646309865089929 0.15651802781865934 0.19912933964222132
567.7969745489619 0.41091140861401576 -0.01941798802320549 0.39149342059081027 0.43032939663722125 0.13449919909086858 0.17017760892482045
571.4733247915939 0.3805249227056989 0.1563625280771293 0.5368874507828282 0.22416239462856957 0.13272732011560112 0.1685266143249726
575.2244212846624 0.4000528549966548 0.2019786106471994 0.6020314656438542 0.19807424434945542 0.12532207466982745 0.15846691781931008
579.0370935697564 0.4405898784980916 -0.10532039941698346 0.33526947908110816 0.5459102779150751 0.1126938545796177 0.14205307328501718
582.9160966863117 0.3774451293308837 0.24151770254444804 0.6189628318753317 0.13592742678643566 0.11631037257867682 0.14757455885104606
586.8807668099971 0.33435945540363887 0.5925933909525667 0.9269528463562056 -0.2582339355489278 0.12032413276622325 0.15309286777928202
590.9324508237002 0.38774885218838506 0.20862566006686645 0.5963745122552515 0.17912319212151862 0.10812831733989292 0.13693755431333465
595.0570468952017 0.36576260303310576 0.27942377425822235 0.6451863772913281 0.08633882877488341 0.08646342128241678 0.10987211793782742
599.2619819704923 0.3459458072620294 0.3292033467846338 0.6751491540466632 0.016742460477395582 0.10446701030413882 0.1331242233602796
603.5500415978282 0.37514706107298845 0.23335530423665973 0.6085023653096482 0.14179175683632872 0.10137974765652279 0.12870762976321987
607.9241600131945 0.3325168615167968 0.41062295852567643 0.7431398200424733 -0.0781060970088796 0.10184948179232273 0.12999611936990438
612.3921019743935 0.3646845032548802 0.11775735411910104 0.48244185737398126 0.24692714913577918 0.09512288706243664 0.12122414706830935
616.9593638392308 0.34929395867653823 0.4227918801149628 0.7720858387915011 -0.0734979214384246 0.09769141986098702 0.1243089268748938
621.6233552936825 0.3726008734840028 0.12029339208465611 0.4928942655686589 0.25230748139934667 0.09116789812012079 0.11601016817574819
626.3856198610389 0.3787103904731889 0.19397329471482128 0.5726836851880102 0.1847370957583676 0.08830840331495984 0.11212671874664762
631.2500615121622 0.37418590845344274 0.20121215938552833 0.5753980678389711 0.1729737490679144 0.08651162095609657 0.10992474087524896
636.2200750903124 0.3603685935084322 0.13483459363400763 0.4952031871424398 0.22553399987442457 0.08455197204009214 0.10782068427746178
641.2991947515874 0.37988402947047684 0.026679300306689413 0.40656332977716625 0.3532047291637874 0.08104302332272854 0.10315498920527559
646.4907830283374 0.3408699238865817 0.24789282256665762 0.5887627464532393 0.0929771013199241 0.08171960583164203 0.10442206380865197
651.798603010063 0.3333429913287679 0.2725084802734524 0.6058514716022203 0.060834511055315454 0.0798834731681439 0.10218906385140983
657.2249421814109 0.33334748046042584 0.29225429829145877 0.6256017787518846 0.04109318216896707 0.0773692473401513 0.09893116414182025
662.7813216392931 0.34866601616433596 0.22525035060023607 0.573916366764572 0.12341566556409989 0.07560747436859423 0.09649881733597518
668.4718103864163 0.3384476520462832 0.15677717945908226 0.49522483150536545 0.18167047258720093 0.07088399063445523 0.09074628884417428
674.2926214400417 0.32616851620775733 0.20146411567347877 0.5276326318812361 0.12470440053427856 0.06962550029647405 0.08926544912532315
680.2490654784172 0.3127890685928354 0.3402098908922262 0.6529989594850616 -0.0274208222993908 0.06900933180136117 0.08851698507998787
686.3419145212894 0.32255516008056684 0.20196661337200517 0.524521773452572 0.12058854670856167 0.06463902102444681 0.08291769107761622
692.5838200614247 0.3272864015637813 0.13250409950232678 0.4597905010661081 0.19478230206145453 0.07494178697923064 0.09615376843807258
698.9863786080113 0.32782037938192865 0.16703795759162532 0.49485833697355397 0.16078242179030333 0.07295102098327323 0.09355300397691654
705.5415013815302 0.33462460860426607 0.14472904300316242 0.4793536516074285 0.18989556560110366 0.07037931765756343 0.09014182177405072
712.2531676158677 0.3328991612551396 0.15477234603180717 0.48767150728694675 0.1781268152233324 0.06813968601894732 0.0873186329779962
719.1423052799986 0.318427254448441 0.22248626230533142 0.5409135167537724 0.09594099214310958 0.06788707174440647 0.08713937628181574
726.1967217641379 0.308086836508699 0.1746061750685865 0.4826930115772855 0.1334806614401125 0.06673662045689686 0.08587929101770415
740.8594400820629 0.3158196427720249 0.15245713277299633 0.46827677554502123 0.16336250999902857 0.06322163639363917 0.08128540331762149
764.3031857027352 0.29738227175288984 0.17776603838429988 0.4751483101371897 0.11961623336858995 0.06877396721189671 0.08867810731429814
789.6496465007061 0.28469654935912353 0.2634947073720297 0.5481912567311532 0.02120184198709385 0.0675817743183857 0.08723082166114737
817.0905878855406 0.2888544904422575 0.18470051543543897 0.4735550058776965 0.10415397500681856 0.0635093874614346 0.08200986326226792
846.8056264511857 0.2548486820080842 0.2787992669665007 0.5336479489745849 -0.02395058495841651 0.06549292900830803 0.08499362241517548
878.9909046528031 0.2751218533316966 0.20373228738184523 0.4788541407135418 0.07138956594985135 0.06419436208192363 0.08310115389188497
913.8341991030379 0.2567479537546382 0.1512704633140709 0.4080184170687091 0.10547749044056731 0.06120755845789392 0.07955419711586778
951.4905329892282 0.25235059722550646 0.1758634848820957 0.42821408210760215 0.07648711234341077 0.056959175390489586 0.0740411597857842
992.0743059570963 0.2536367287307712 0.15774775314419415 0.41138448187496535 0.09588897558657705 0.05479931991338529 0.07126329871854198
1035.6442342417658 0.23280419608463043 0.30389778016074465 0.5367019762453751 -0.07109358407611421 0.05340183707351612 0.06954741798440639
1082.1665853460727 0.24301017297994976 0.15648857055247845 0.3994987435324282 0.08652160242747131 0.05407209266101741 0.07044717780623397
1131.5349650124513 0.24055880009941455 0.16759863403640352 0.40815743413581806 0.07296016606301103 0.05131930222162043 0.066864557103336
1183.5345662564564 0.2159290350647619 0.2007644973713868 0.4166935324361487 0.015164537693375113 0.049801382187105586 0.06514747010814183
1237.8672194018213 0.2037072789963204 0.1977532177782924 0.4014604967746128 0.005954061218027995 0.04977371228948944 0.06526253960995247
1294.1629394738295 0.19714398804566707 0.2530945856821211 0.4502385737277882 -0.05595059763645405 0.05041739201638421 0.06611781517613997
1352.0171522090473 0.22004604172585168 0.08576224994572496 0.30580829167157664 0.13428379178012673 0.050393498712497334 0.06597522327314094
1411.007863155719 0.18827776363984378 0.20232540184166042 0.3906031654815042 -0.014047638201816648 0.050510077470467825 0.06638258154917975
1470.7335384435644 0.17281258252138476 0.26200113902230016 0.4348137215436849 -0.0891885565009154 0.04927959762429619 0.06488593513292852
1520.8007319999997 0.1554136729254592 0.2538831614156157 0.4092968343410749 -0.09846948849015646 0.06552573514691312 0.08658311742922013
1560.912249 0.1666113463724031 0.20738197979262113 0.37399332616502423 -0.04077063342021803 0.0672006244014411 0.08870736494725827
1600.984083 0.1450071397320153 0.3234516106564166 0.4684587503884319 -0.1784444709244013 0.0699735176219124 0.0925417834020587
1640.943613 0.16086037724523872 0.17830684691456444 0.33916722415980316 -0.017446469669325726 0.06996621244815004 0.09254497656630543
1680.728591 0.14482747875827306 0.20464048169703153 0.3494679604553046 -0.059813002938758464 0.07223628104640584 0.09576872940808467
1720.286518 0.13953288341611442 0.27617463083155885 0.41570751424767327 -0.13664174741544444 0.07498304074919075 0.09936455150778234
1759.573587 0.09067413438026861 0.45653783253772606 0.5472119669179947 -0.36586369815745745 0.08157567836503186 0.10869865767648755
1798.5537170000002 0.13375232949055638 0.2677327146686196 0.40148504415917596 -0.1339803851780632 0.03107105001692135 0.041210166715267435
1837.198965 0.1330655197864834 0.22984164763422688 0.3629071674207103 -0.09677612784774348 0.046626659436631746 0.061880812483876974
1875.4873449999998 0.13329922410534184 0.14065366335055346 0.2739528874558953 -0.007354439245211619 0.04681288968022586 0.06221593417434027
1913.400445 0.12704250020661423 0.17718827672719706 0.3042307769338113 -0.05014577652058283 0.04497413496712775 0.059789819959064995
1950.9268270000002 0.13310125393303196 0.21283910040881782 0.3459403543418498 -0.07973784647578586 0.04244810678577045 0.05634900549454079
1988.057073 0.12335511094942508 0.23541902736454778 0.35877413831397287 -0.1120639164151227 0.0450529723545947 0.059904004596916215
2024.7870610000002 0.14832712389607772 0.1528910855694825 0.3012182094655602 -0.004563961673404782 0.045921617245084555 0.06088715391187953
2061.1114000000002 0.13510330376284257 0.2056964176747877 0.34079972143763027 -0.07059311391194512 0.046910082150790254 0.06227113746439736
2097.0315689999998 0.11873891955437221 0.21370482263262391 0.3324437421869961 -0.0949659030782517 0.047334140506124646 0.06303626826674813
2132.548536 0.13490229638839596 0.21543053387344197 0.3503328302618379 -0.080528237485046 0.04818350652746962 0.06396990358185389
2167.66484 0.11943564524435885 0.23700282756443142 0.35643847280879026 -0.11756718232007257 0.050851607670086306 0.06768253669191822
2202.384363 0.12065444031982264 0.15839371159987325 0.2790481519196959 -0.03773927128005061 0.05263944042741656 0.07015288885845429
2236.7120900000004 0.12727671338022734 0.16129054816797056 0.2885672615481979 -0.034013834787743225 0.05212545921090113 0.06937890561125706
2270.653908 0.13178135768400617 0.16108015478705623 0.2928615124710624 -0.029298797103050056 0.05265622579706561 0.07002743652846616
2304.215464 0.13800286364418057 0.1285223970771423 0.2665252607213229 0.00948046656703827 0.055760863133465954 0.07410664980539164
2337.40281 0.13738825403639188 0.11918551375773923 0.2565737677941311 0.01820274027865265 0.05523380531811174 0.07341160486096082
2370.2250320000003 0.11829427125218328 0.22722794719192163 0.3455222184441049 -0.10893367593973835 0.057318458368912716 0.07629000917989508
2402.6865569999995 0.13349909745406752 0.201932141249765 0.3354312387038325 -0.06843304379569748 0.05738247375543448 0.07620619278488722
2434.797801 0.1353144249011881 0.16016172479329843 0.29547614969448655 -0.02484729989211032 0.058170521540697025 0.07726892403337189
2466.5624649999995 0.14020948079405052 0.06372958656577646 0.20393906735982698 0.07647989422827406 0.058230015295349075 0.07739948622406563
2497.9908800000003 0.13728008154559962 0.11719641703579947 0.2544764985813991 0.020083664509800148 0.06140698295183936 0.08157599058314309
2529.0899310000004 0.13933906967112072 0.10052020429983052 0.23985927397095125 0.0388188653712902 0.06078341062318058 0.08074502840637493
2559.8663970000002 0.11821000535539206 0.20474913876749268 0.32295914412288473 -0.08653913341210062 0.06461980666543123 0.08599204203730668
2590.3268150000004 0.11706277367327544 0.17313027342283527 0.2901930470961107 -0.056067499749559824 0.06488185040912263 0.08641523580819904
2620.4792939999998 0.13692654120289752 0.07114466635882624 0.20807120756172376 0.06578187484407128 0.06462910319066889 0.08591340050720772
2650.3307680000003 0.1272108935743277 0.025786939053302316 0.15299783262763 0.10142395452102537 0.06492299862942259 0.0865011314281397
2679.888124 0.1032850713467659 0.2261855397919057 0.3294706111386716 -0.1229004684451398 0.06832389553048722 0.09112713623862644
2709.1571889999996 0.13355751040435127 0.13826639467151047 0.27182390507586174 -0.004708884267159208 0.06710888199352116 0.08912728760381326
2738.1450119999995 0.13630244872063532 0.07746514966932691 0.21376759838996223 0.05883729905130841 0.07031135407187764 0.0934475286168016
2766.858476 0.09642851295646965 0.1753997444440793 0.27182825740054894 -0.07897123148760965 0.07279707857088921 0.09730044485726176
2795.3041350000003 0.10654209948517351 0.150152768513301 0.2566948679984745 -0.04361066902812749 0.07450557182629965 0.09943800777601282
2823.486378 0.09609419797240176 0.19256268652437974 0.2886568844967815 -0.09646848855197798 0.07597290768373231 0.1014857372980672
2851.412273 0.10025084007101809 0.25292526516970343 0.3531761052407215 -0.15267442509868534 0.07904342905047271 0.10541411421163466
2879.087903 0.09532916356261462 0.26447987919552257 0.3598090427581372 -0.16915071563290796 0.07906903639806631 0.10552909117138921
2906.5173210000003 0.08067259335484728 0.2907346568168891 0.37140725017173637 -0.21006206346204181 0.08229681276286101 0.11008429655089791
2933.7075819999995 0.12340016495802741 0.009329896867396714 0.13273006182542413 0.1140702680906307 0.0814381430686084 0.10863558708228714
2960.662958 0.08570926815937491 0.27604660814835186 0.36175587630772676 -0.19033733998897695 0.08795765389003474 0.11760816353613356
2987.3883299999998 0.10703949561362763 0.19602324369337093 0.30306273930699856 -0.0889837480797433 0.0850694114016907 0.113466158367916
3013.889886 0.13498967134593562 0.04678562780909887 0.1817752991550345 0.08820404353683675 0.08560293996385909 0.11389070646198854
3040.171378 0.1059389332941309 0.16819575902097833 0.27413469231510923 -0.06225682572684743 0.08765900570395671 0.11699392057140265
3066.2369249999997 0.08496059547997198 0.23539427238048655 0.3203548678604585 -0.15043367690051457 0.08994658211976975 0.12038780241231724
3092.092133 0.10485492306246619 0.05470207702765534 0.15955700009012153 0.05015284603481085 0.08917631803956681 0.11929728554782078
3117.741199 0.1246152670577077 0.04753864986430917 0.17215391692201687 0.07707661719339853 0.08971546542430993 0.11963190907718535
3143.188237 0.10412238553508443 0.06019144059133982 0.16431382612642426 0.04393094494374461 0.09423447007620982 0.12608939925580262
3168.4372770000004 0.07755189903850324 0.307883726595816 0.3854356256343192 -0.23033182755731274 0.0980470058945107 0.13126155196583547
3193.4922679999995 0.052238270313546 0.48451861683506237 0.5367568871486084 -0.43228034652151637 0.10207736911894545 0.13686071339587647
3218.3570739999996 0.099508411006349 0.0858659048370839 0.1853743158434329 0.0136425061692651 0.09635530155313805 0.12897660415636752
3243.035478 0.12403982235924077 -0.01835462279743555 0.10568519956180522 0.14239444515667632 0.09753878253901281 0.1302407954123876
3267.531184 0.08862138579560427 0.14505887990279417 0.23368026569839845 -0.0564374941071899 0.10033422262323458 0.13447849686752592
3291.847814 0.11530791897344517 0.08869921624681099 0.20400713522025615 0.02660870272663418 0.10084798346696161 0.13465144166957402
3315.988915 0.11686582632673564 -0.026178921620382323 0.09068690470635332 0.14304474794711797 0.10083956704908398 0.1348544503087147
3339.957953 0.1315486906358571 0.0800034727055518 0.21155216334140892 0.05154521793030531 0.10331252396629752 0.13754349913797018
