Theoretical limb-darkening coefficients for the Sun
# %ECSV 1.0
# ---
# datatype:
# - {name: wavelength, unit: nm2, datatype: float64}
# - {name: c1, datatype: float64}
# - {name: c2, datatype: float64}
# meta: {stellar_logg: 4.43, stellar_metallicity: 0.0, stellar_temperature: 5777, type: quadratic}
# schema: astropy-2.0
wavelength c1 c2
494.9254622608806 0.6647925570566289 0.031057214057711453
531.4608898177901 0.6130100649319719 0.04555576791077601
539.1211900000001 0.6043638715256513 0.046670439348482265
545.4836709999998 0.5994228722259018 0.045411287938079074
550.4151967415283 0.5994228722259018 0.045411287938079074
553.7640991873129 0.5902756738137223 0.05424480107369334
557.1745301342205 0.5841253669200319 0.05890032647559386
560.6591140258054 0.5841253669200319 0.05890032647559386
564.1996710125583 0.5723537591968576 0.06359060421027447
567.7969745489619 0.5705197887319933 0.05979034025291759
571.4733247915939 0.5596931890816809 0.07098693694950634
575.2244212846624 0.5596931890816809 0.07098693694950634
579.0370935697564 0.5620017133713492 0.06711368623545376
582.9160966863117 0.5484135133748529 0.07651556715200165
586.8807668099971 0.5471144388765175 0.06521831759279809
590.9324508237002 0.5433118950968476 0.07531512303615828
595.0570468952017 0.5433118950968476 0.07531512303615828
599.2619819704923 0.5345778607766396 0.07472274572450617
603.5500415978282 0.5367183771637236 0.07167670282211365
607.9241600131945 0.5295187808569313 0.0744452601086408
612.3921019743935 0.521894811402391 0.0739611901902327
616.9593638392308 0.5178333899495124 0.07059507846358123
621.6233552936825 0.5105198192737735 0.07380055800114951
626.3856198610389 0.5105743844175039 0.0773816850750288
631.2500615121622 0.5050401087713432 0.07789444806456217
636.2200750903124 0.5011311984999579 0.07915023207519906
641.2991947515874 0.4971226278976218 0.08006133952348643
646.4907830283374 0.4925929056307523 0.0795009918394299
651.798603010063 0.47259774754337625 0.09263037347688516
657.2249421814109 0.4040251339944252 0.12455238026571316
662.7813216392931 0.47696193907841733 0.08764704915679325
668.4718103864163 0.4764396948493733 0.08504289119684647
674.2926214400417 0.47393174968511664 0.08059877415772616
680.2490654784172 0.46551569273495563 0.08576969726452358
686.3419145212894 0.46073124776868857 0.08428987796125344
692.5838200614247 0.4579546483479081 0.0878896599204969
698.9863786080113 0.4545614705725821 0.08865773954855366
705.5415013815302 0.45036348562722583 0.08509440779230987
712.2531676158677 0.4412147731827807 0.0878820292013027
719.1423052799986 0.43995092198702057 0.08610641173305832
726.1967217641379 0.43667245887089534 0.08872022879773275
740.8594400820629 0.42755884601078836 0.08672492621838865
764.3031857027352 0.4120598544506237 0.09025363665504774
789.6496465007061 0.39862795117072003 0.09115450403822054
817.0905878855406 0.3833350619545249 0.09313441550519111
846.8056264511857 0.3639499354535383 0.09432052873025207
878.9909046528031 0.3525759783618924 0.09594458141714438
913.8341991030379 0.34234931483131653 0.09653508988788109
951.4905329892282 0.3375166813555489 0.0946156567244436
992.0743059570963 0.32417881414802074 0.0976882413222071
1035.6442342417658 0.31788974058680175 0.09760725339503137
1082.1665853460727 0.2955382328137818 0.1049348873981167
1131.5349650124513 0.296451106590111 0.10618884564398073
1183.5345662564564 0.28042528358447216 0.1125319524081343
1237.8672194018213 0.26852575653336497 0.12117378640034338
1294.1629394738295 0.24615725689989004 0.13463537985101004
1352.0171522090473 0.23936439290313938 0.14083942785134582
1411.007863155719 0.22341962891757586 0.14931356982636268
1470.7335384435644 0.20373029248892321 0.1559539244797057
1520.8007319999997 0.1876600494869953 0.15892525393359308
1560.912249 0.17805746277478887 0.1589782926908227
1600.984083 0.17177749108083867 0.1549326505270362
1640.943613 0.16444593272696878 0.1576987116475799
1680.728591 0.1598916747900352 0.15530105362294389
1720.286518 0.16160758685116738 0.14787816624981298
1759.573587 0.16240239255487204 0.15009043705543967
1798.5537170000002 0.15754957581110343 0.14396999101050473
1837.198965 0.16076732487621148 0.14314048636121257
1875.4873449999998 0.1488279019137563 0.1367282428710049
1913.400445 0.1621286859723872 0.13768531859897115
1950.9268270000002 0.14897478628236896 0.13117418226787253
1988.057073 0.1609394174806554 0.13225057868089365
2024.7870610000002 0.16077225626931818 0.12904036788209933
2061.1114000000002 0.16022079760763142 0.12642817136086676
2097.0315689999998 0.15921479989929993 0.12396869360329604
2132.548536 0.15620261921123585 0.1225311642981374
2167.66484 0.13793850611044603 0.11839537194723357
2202.384363 0.15640543739248458 0.11601245745887047
2236.7120900000004 0.1563236627280661 0.11456588028644508
2270.653908 0.15314903297409438 0.11441174893894705
2304.215464 0.1531989219581168 0.11540162917967378
2337.40281 0.15432839491276829 0.11425952549339018
2370.2250320000003 0.15480545318814415 0.1106088069106161
2402.6865569999995 0.15328219099009233 0.10848316875766124
2434.797801 0.15101173640442864 0.10882435693781828
2466.5624649999995 0.1514237282137369 0.10407613498927779
2497.9908800000003 0.15074275885628263 0.10172559032170364
2529.0899310000004 0.15084024555757564 0.09970532704908343
2559.8663970000002 0.15059736551627054 0.09665612875177397
2590.3268150000004 0.14867191687620596 0.09737633001687435
2620.4792939999998 0.14867191687620596 0.09737633001687435
2650.3307680000003 0.14867191687620596 0.09737633001687435
2679.888124 0.14867191687620596 0.09737633001687435
2709.1571889999996 0.14867191687620596 0.09737633001687435
2738.1450119999995 0.14867191687620596 0.09737633001687435
2766.858476 0.14867191687620596 0.09737633001687435
2795.3041350000003 0.14867191687620596 0.09737633001687435
2823.486378 0.14867191687620596 0.09737633001687435
2851.412273 0.14867191687620596 0.09737633001687435
2879.087903 0.14867191687620596 0.09737633001687435
2906.5173210000003 0.14867191687620596 0.09737633001687435
2933.7075819999995 0.14867191687620596 0.09737633001687435
2960.662958 0.14867191687620596 0.09737633001687435
2987.3883299999998 0.14867191687620596 0.09737633001687435
3013.889886 0.14867191687620596 0.09737633001687435
3040.171378 0.14867191687620596 0.09737633001687435
3066.2369249999997 0.14867191687620596 0.09737633001687435
3092.092133 0.14867191687620596 0.09737633001687435
3117.741199 0.14867191687620596 0.09737633001687435
3143.188237 0.14867191687620596 0.09737633001687435
3168.4372770000004 0.14867191687620596 0.09737633001687435
3193.4922679999995 0.14867191687620596 0.09737633001687435
3218.3570739999996 0.14867191687620596 0.09737633001687435
3243.035478 0.14867191687620596 0.09737633001687435
3267.531184 0.14867191687620596 0.09737633001687435
3291.847814 0.14867191687620596 0.09737633001687435
3315.988915 0.14867191687620596 0.09737633001687435
3339.957953 0.14867191687620596 0.09737633001687435
3363.756933 0.14867191687620596 0.09737633001687435
3387.389938 0.14867191687620596 0.09737633001687435
3410.8606149999996 0.14867191687620596 0.09737633001687435
3434.17139 0.14867191687620596 0.09737633001687435
3457.3241949999997 0.14867191687620596 0.09737633001687435
3480.3238040000006 0.14867191687620596 0.09737633001687435
3503.1710189999994 0.14867191687620596 0.09737633001687435
3525.8698149999996 0.14867191687620596 0.09737633001687435
3548.422187 0.14867191687620596 0.09737633001687435
3570.830831 0.14867191687620596 0.09737633001687435
3593.0979669999992 0.14867191687620596 0.09737633001687435
3615.226691999999 0.14867191687620596 0.09737633001687435
3637.2178320000003 0.14867191687620596 0.09737633001687435
3659.0756329999995 0.14867191687620596 0.09737633001687435
3680.8004849999993 0.14867191687620596 0.09737633001687435
3702.395294 0.14867191687620596 0.09737633001687435
3723.8627899999997 0.14867191687620596 0.09737633001687435
3745.204091 0.14867191687620596 0.09737633001687435
3766.420873 0.14867191687620596 0.09737633001687435
3787.5160399999995 0.14867191687620596 0.09737633001687435
3808.4913619999993 0.14867191687620596 0.09737633001687435
3829.348581 0.14867191687620596 0.09737633001687435
3850.088808 0.14867191687620596 0.09737633001687435
3870.7140729999987 0.14867191687620596 0.09737633001687435
3891.226433 0.14867191687620596 0.09737633001687435
3911.627505 0.14867191687620596 0.09737633001687435
3931.9188789999994 0.14867191687620596 0.09737633001687435
3952.102117 0.14867191687620596 0.09737633001687435
3972.1787550000004 0.14867191687620596 0.09737633001687435
3992.1503019999996 0.14867191687620596 0.09737633001687435
4012.0182419999996 0.14867191687620596 0.09737633001687435
4031.784031 0.14867191687620596 0.09737633001687435
4051.449103 0.14867191687620596 0.09737633001687435
4071.0148669999994 0.14867191687620596 0.09737633001687435
4090.482706 0.14867191687620596 0.09737633001687435
4109.85398 0.14867191687620596 0.09737633001687435
4129.129397 0.14867191687620596 0.09737633001687435
4148.3104920000005 0.14867191687620596 0.09737633001687435
4167.398857 0.14867191687620596 0.09737633001687435
4186.395768 0.14867191687620596 0.09737633001687435
4205.302476999999 0.14867191687620596 0.09737633001687435
4224.119591000001 0.14867191687620596 0.09737633001687435
4242.847974 0.14867191687620596 0.09737633001687435
4261.489689999999 0.14867191687620596 0.09737633001687435
4280.045913999999 0.14867191687620596 0.09737633001687435
4298.516441000001 0.14867191687620596 0.09737633001687435
4316.903126 0.14867191687620596 0.09737633001687435
4335.207637 0.14867191687620596 0.09737633001687435
4353.429627 0.14867191687620596 0.09737633001687435
4371.570791 0.14867191687620596 0.09737633001687435
4389.632946999999 0.14867191687620596 0.09737633001687435
4407.614718999999 0.14867191687620596 0.09737633001687435
4425.519446 0.14867191687620596 0.09737633001687435
4443.34667 0.14867191687620596 0.09737633001687435
4461.097707 0.14867191687620596 0.09737633001687435
4478.7736859999995 0.14867191687620596 0.09737633001687435
4496.3746679999995 0.14867191687620596 0.09737633001687435
4513.902615999999 0.14867191687620596 0.09737633001687435
4531.357072 0.14867191687620596 0.09737633001687435
4548.7401150000005 0.14867191687620596 0.09737633001687435
4566.051477000001 0.14867191687620596 0.09737633001687435
4587.591850238673 0.14867191687620596 0.09737633001687435
4613.29754333949 0.14867191687620596 0.09737633001687435
4638.849428857817 0.14867191687620596 0.09737633001687435
4664.249665679044 0.14867191687620596 0.09737633001687435
4689.500997456941 0.14867191687620596 0.09737633001687435
4714.605722185022 0.14867191687620596 0.09737633001687435
4739.566097421868 0.14867191687620596 0.09737633001687435
4764.384338127802 0.14867191687620596 0.09737633001687435
4789.062616807425 0.14867191687620596 0.09737633001687435
4813.603019511122 0.14867191687620596 0.09737633001687435
4838.007312364285 0.14867191687620596 0.09737633001687435
4862.277856046081 0.14867191687620596 0.09737633001687435
4886.416771489442 0.14867191687620596 0.09737633001687435
4910.425943127935 0.14867191687620596 0.09737633001687435
4934.306606732954 0.14867191687620596 0.09737633001687435
4958.06091863346 0.14867191687620596 0.09737633001687435
4981.690663202083 0.14867191687620596 0.09737633001687435
5005.1980004832785 0.14867191687620596 0.09737633001687435
5032.4696650000005 0.14867191687620596 0.09737633001687435
5063.439319 0.14867191687620596 0.09737633001687435
5094.200968 0.14867191687620596 0.09737633001687435
5124.757946000001 0.14867191687620596 0.09737633001687435
5155.113864 0.14867191687620596 0.09737633001687435
5185.272508999999 0.14867191687620596 0.09737633001687435
5215.2372319999995 0.14867191687620596 0.09737633001687435
5245.0113120000005 0.14867191687620596 0.09737633001687435
5274.59796 0.14867191687620596 0.09737633001687435
5307.662049778111 0.14867191687620596 0.09737633001687435
5344.131579610811 0.14867191687620596 0.09737633001687435
5546.874619000001 0.14867191687620596 0.09737633001687435
