Theoretical limb-darkening coefficients for WASP-39
# %ECSV 1.0
# ---
# datatype:
# - {name: wavelength, unit: nm2, datatype: float64}
# - {name: c1, datatype: float64}
# - {name: c2, datatype: float64}
# meta: {stellar_logg: 4.45, stellar_metallicity: 0.0, stellar_temperature: 5400, type: quadratic}
# schema: astropy-2.0
wavelength c1 c2
494.9254622608806 0.7585270428040687 -0.037155959499553984
531.4608898177901 0.6895128549492482 -0.005221196715014521
539.1211900000001 0.6789998886613886 -0.0029118200990138707
545.4836709999998 0.6697859728296625 0.0013485999662916476
550.4151967415283 0.6697859728296625 0.0013485999662916476
553.7640991873129 0.6611390655678513 0.010480373373556937
557.1745301342205 0.6563824430143181 0.012690541128297116
560.6591140258054 0.6563824430143181 0.012690541128297116
564.1996710125583 0.6372565722458773 0.02612552966943504
567.7969745489619 0.6331763933151608 0.024890739902155616
571.4733247915939 0.6261568291971273 0.03319814091105879
575.2244212846624 0.6261568291971273 0.03319814091105879
579.0370935697564 0.6265876955937444 0.03050630018376223
582.9160966863117 0.6108356664943211 0.04266339513930615
586.8807668099971 0.6086818572918007 0.02794045528734154
590.9324508237002 0.6068239727578629 0.039565544787774715
595.0570468952017 0.6068239727578629 0.039565544787774715
599.2619819704923 0.5934012040793751 0.04429492797713587
603.5500415978282 0.5973397485085511 0.0386876907404534
607.9241600131945 0.587197945696152 0.044168945468312126
612.3921019743935 0.5779582525298346 0.0450961433726934
616.9593638392308 0.5698621688047332 0.04520041050062202
621.6233552936825 0.5656140957894443 0.046714974091858236
626.3856198610389 0.566768465735956 0.04885190811158663
631.2500615121622 0.5603149580611222 0.05019165683376797
636.2200750903124 0.5547519188389244 0.05334651612331759
641.2991947515874 0.5516357281403839 0.052123813431288496
646.4907830283374 0.5447722267066692 0.05414868396583781
651.798603010063 0.5284452018782195 0.06703688559288978
657.2249421814109 0.4666311716503635 0.1027867539683747
662.7813216392931 0.5292186887221799 0.06317995969755247
668.4718103864163 0.527557055611088 0.0611044432387294
674.2926214400417 0.5222292640119404 0.05869525733893567
680.2490654784172 0.5141378684703096 0.06445751319764995
686.3419145212894 0.5069814071018679 0.06444261102338739
692.5838200614247 0.5062990720675107 0.06616030738444639
698.9863786080113 0.5029112569447433 0.06750450198859273
705.5415013815302 0.49624284281470615 0.06549180857281497
712.2531676158677 0.4880729898961047 0.06834103108343059
719.1423052799986 0.4844373802030306 0.0673757858184283
726.1967217641379 0.4825549430450269 0.06918142096212326
740.8594400820629 0.47047188026425596 0.06921687132719705
764.3031857027352 0.4528847896413306 0.07471839318405271
789.6496465007061 0.4386651467544803 0.0763679915561338
817.0905878855406 0.42398322761471063 0.07785904383224398
846.8056264511857 0.4015294285734094 0.08186468866614666
878.9909046528031 0.387877112282529 0.08454189343002194
913.8341991030379 0.3766364568323009 0.08600220110904298
951.4905329892282 0.37101179951745544 0.08301994333042917
992.0743059570963 0.3550001274231569 0.0885717672285986
1035.6442342417658 0.3452248016562198 0.0903288932915472
1082.1665853460727 0.3253368210040658 0.0970695684760062
1131.5349650124513 0.32632795459067954 0.09643340571741277
1183.5345662564564 0.30852104901135646 0.1055665510251826
1237.8672194018213 0.2969705876809374 0.11546669796586988
1294.1629394738295 0.276388037284598 0.1304500353673984
1352.0171522090473 0.26619479617242325 0.13955134174683526
1411.007863155719 0.2496443778460372 0.1512375732240498
1470.7335384435644 0.2278771777532263 0.16179678522396318
1520.8007319999997 0.2081556231014157 0.1687320277448074
1560.912249 0.19554645266701973 0.17080664377199195
1600.984083 0.18534869381347482 0.16795903967964365
1640.943613 0.17562116075312528 0.17218543121706936
1680.728591 0.17138129144473935 0.16868164599985402
1720.286518 0.17175502013002875 0.1621069441564268
1759.573587 0.17318260499080002 0.16124886975352096
1798.5537170000002 0.17109445538206997 0.15332184121743148
1837.198965 0.1724201860999356 0.15333309865144878
1875.4873449999998 0.160483452673463 0.1486809705701081
1913.400445 0.17140727160396346 0.14825374888674886
1950.9268270000002 0.1620351134289577 0.1414224302659292
1988.057073 0.17092847669679584 0.14225957018486582
2024.7870610000002 0.17005281405004372 0.13935882533970878
2061.1114000000002 0.17032075737876293 0.13568509289624775
2097.0315689999998 0.1685443280161682 0.13427276428214557
2132.548536 0.16625081471061362 0.1321574199707813
2167.66484 0.1530056627835443 0.12658319355666076
2202.384363 0.16551292083577446 0.12575386225065327
2236.7120900000004 0.16554182164267273 0.12406268014163968
2270.653908 0.1642914893796927 0.12099661417553738
2304.215464 0.16832216321610804 0.1213684321803
2337.40281 0.1718001111068116 0.11880379627049863
2370.2250320000003 0.17175975739605281 0.11406009482587812
2402.6865569999995 0.1702248939454296 0.11415028706976704
2434.797801 0.16858405833930135 0.11283989807049158
2466.5624649999995 0.16799970212598395 0.10940970453279385
2497.9908800000003 0.16705815364016835 0.1073499863144701
2529.0899310000004 0.1662382009766058 0.10657095850533732
2559.8663970000002 0.16486995242612923 0.10381391976956339
2590.3268150000004 0.16046345730153053 0.10645245082081048
2620.4792939999998 0.16046345730153053 0.10645245082081048
2650.3307680000003 0.16046345730153053 0.10645245082081048
2679.888124 0.16046345730153053 0.10645245082081048
2709.1571889999996 0.16046345730153053 0.10645245082081048
2738.1450119999995 0.16046345730153053 0.10645245082081048
2766.858476 0.16046345730153053 0.10645245082081048
2795.3041350000003 0.16046345730153053 0.10645245082081048
2823.486378 0.16046345730153053 0.10645245082081048
2851.412273 0.16046345730153053 0.10645245082081048
2879.087903 0.16046345730153053 0.10645245082081048
2906.5173210000003 0.16046345730153053 0.10645245082081048
2933.7075819999995 0.16046345730153053 0.10645245082081048
2960.662958 0.16046345730153053 0.10645245082081048
2987.3883299999998 0.16046345730153053 0.10645245082081048
3013.889886 0.16046345730153053 0.10645245082081048
3040.171378 0.16046345730153053 0.10645245082081048
3066.2369249999997 0.16046345730153053 0.10645245082081048
3092.092133 0.16046345730153053 0.10645245082081048
3117.741199 0.16046345730153053 0.10645245082081048
3143.188237 0.16046345730153053 0.10645245082081048
3168.4372770000004 0.16046345730153053 0.10645245082081048
3193.4922679999995 0.16046345730153053 0.10645245082081048
3218.3570739999996 0.16046345730153053 0.10645245082081048
3243.035478 0.16046345730153053 0.10645245082081048
3267.531184 0.16046345730153053 0.10645245082081048
3291.847814 0.16046345730153053 0.10645245082081048
3315.988915 0.16046345730153053 0.10645245082081048
3339.957953 0.16046345730153053 0.10645245082081048
3363.756933 0.16046345730153053 0.10645245082081048
3387.389938 0.16046345730153053 0.10645245082081048
3410.8606149999996 0.16046345730153053 0.10645245082081048
3434.17139 0.16046345730153053 0.10645245082081048
3457.3241949999997 0.16046345730153053 0.10645245082081048
3480.3238040000006 0.16046345730153053 0.10645245082081048
3503.1710189999994 0.16046345730153053 0.10645245082081048
3525.8698149999996 0.16046345730153053 0.10645245082081048
3548.422187 0.16046345730153053 0.10645245082081048
3570.830831 0.16046345730153053 0.10645245082081048
3593.0979669999992 0.16046345730153053 0.10645245082081048
3615.226691999999 0.16046345730153053 0.10645245082081048
3637.2178320000003 0.16046345730153053 0.10645245082081048
3659.0756329999995 0.16046345730153053 0.10645245082081048
3680.8004849999993 0.16046345730153053 0.10645245082081048
3702.395294 0.16046345730153053 0.10645245082081048
3723.8627899999997 0.16046345730153053 0.10645245082081048
3745.204091 0.16046345730153053 0.10645245082081048
3766.420873 0.16046345730153053 0.10645245082081048
3787.5160399999995 0.16046345730153053 0.10645245082081048
3808.4913619999993 0.16046345730153053 0.10645245082081048
3829.348581 0.16046345730153053 0.10645245082081048
3850.088808 0.16046345730153053 0.10645245082081048
3870.7140729999987 0.16046345730153053 0.10645245082081048
3891.226433 0.16046345730153053 0.10645245082081048
3911.627505 0.16046345730153053 0.10645245082081048
3931.9188789999994 0.16046345730153053 0.10645245082081048
3952.102117 0.16046345730153053 0.10645245082081048
3972.1787550000004 0.16046345730153053 0.10645245082081048
3992.1503019999996 0.16046345730153053 0.10645245082081048
4012.0182419999996 0.16046345730153053 0.10645245082081048
4031.784031 0.16046345730153053 0.10645245082081048
4051.449103 0.16046345730153053 0.10645245082081048
4071.0148669999994 0.16046345730153053 0.10645245082081048
4090.482706 0.16046345730153053 0.10645245082081048
4109.85398 0.16046345730153053 0.10645245082081048
4129.129397 0.16046345730153053 0.10645245082081048
4148.3104920000005 0.16046345730153053 0.10645245082081048
4167.398857 0.16046345730153053 0.10645245082081048
4186.395768 0.16046345730153053 0.10645245082081048
4205.302476999999 0.16046345730153053 0.10645245082081048
4224.119591000001 0.16046345730153053 0.10645245082081048
4242.847974 0.16046345730153053 0.10645245082081048
4261.489689999999 0.16046345730153053 0.10645245082081048
4280.045913999999 0.16046345730153053 0.10645245082081048
4298.516441000001 0.16046345730153053 0.10645245082081048
4316.903126 0.16046345730153053 0.10645245082081048
4335.207637 0.16046345730153053 0.10645245082081048
4353.429627 0.16046345730153053 0.10645245082081048
4371.570791 0.16046345730153053 0.10645245082081048
4389.632946999999 0.16046345730153053 0.10645245082081048
4407.614718999999 0.16046345730153053 0.10645245082081048
4425.519446 0.16046345730153053 0.10645245082081048
4443.34667 0.16046345730153053 0.10645245082081048
4461.097707 0.16046345730153053 0.10645245082081048
4478.7736859999995 0.16046345730153053 0.10645245082081048
4496.3746679999995 0.16046345730153053 0.10645245082081048
4513.902615999999 0.16046345730153053 0.10645245082081048
4531.357072 0.16046345730153053 0.10645245082081048
4548.7401150000005 0.16046345730153053 0.10645245082081048
4566.051477000001 0.16046345730153053 0.10645245082081048
4587.591850238673 0.16046345730153053 0.10645245082081048
4613.29754333949 0.16046345730153053 0.10645245082081048
4638.849428857817 0.16046345730153053 0.10645245082081048
4664.249665679044 0.16046345730153053 0.10645245082081048
4689.500997456941 0.16046345730153053 0.10645245082081048
4714.605722185022 0.16046345730153053 0.10645245082081048
4739.566097421868 0.16046345730153053 0.10645245082081048
4764.384338127802 0.16046345730153053 0.10645245082081048
4789.062616807425 0.16046345730153053 0.10645245082081048
4813.603019511122 0.16046345730153053 0.10645245082081048
4838.007312364285 0.16046345730153053 0.10645245082081048
4862.277856046081 0.16046345730153053 0.10645245082081048
4886.416771489442 0.16046345730153053 0.10645245082081048
4910.425943127935 0.16046345730153053 0.10645245082081048
4934.306606732954 0.16046345730153053 0.10645245082081048
4958.06091863346 0.16046345730153053 0.10645245082081048
4981.690663202083 0.16046345730153053 0.10645245082081048
5005.1980004832785 0.16046345730153053 0.10645245082081048
5032.4696650000005 0.16046345730153053 0.10645245082081048
5063.439319 0.16046345730153053 0.10645245082081048
5094.200968 0.16046345730153053 0.10645245082081048
5124.757946000001 0.16046345730153053 0.10645245082081048
5155.113864 0.16046345730153053 0.10645245082081048
5185.272508999999 0.16046345730153053 0.10645245082081048
5215.2372319999995 0.16046345730153053 0.10645245082081048
5245.0113120000005 0.16046345730153053 0.10645245082081048
5274.59796 0.16046345730153053 0.10645245082081048
5307.662049778111 0.16046345730153053 0.10645245082081048
5344.131579610811 0.16046345730153053 0.10645245082081048
5546.874619000001 0.16046345730153053 0.10645245082081048
